REM source image: 10x8 pixels
REM padded image: 12x10 pixels

C_W = 6
C_H = 5
C:
DATA AS BYTE _
32,108,32,32,123,32, _
32,108,252,254,123,32, _
108,160,251,236,160,123, _
225,225,226,226,97,97, _
32,32,126,124,32,32

N_W = 6
N_H = 5
N:
DATA AS BYTE _
32,32,32,32,32,32, _
32,124,123,108,126,32, _
32,254,160,160,252,32, _
225,251,254,252,236,97, _
124,124,123,108,126,126

NE_W = 6
NE_H = 5
NE:
DATA AS BYTE _
32,32,32,32,32,32, _
32,127,32,255,32,32, _
108,160,160,160,123,32, _
236,252,160,254,251,32, _
126,127,32,255,124,32

E_W = 6
E_H = 5
E:
DATA AS BYTE _
32,123,32,108,32,32, _
32,254,98,252,32,32, _
254,236,160,251,252,32, _
97,236,226,251,225,32, _
32,124,32,126,32,32

SE_W = 6
SE_H = 5
SE:
DATA AS BYTE _
32,127,32,255,32,32, _
108,160,160,160,123,32, _
236,252,160,254,251,32, _
126,127,32,255,124,32, _
32,32,32,32,32,32

S_W = 6
S_H = 5
S:
DATA AS BYTE _
32,124,123,108,126,32, _
32,254,160,160,252,32, _
225,251,254,252,236,97, _
124,124,123,108,126,126, _
32,32,32,32,32,32

SW_W = 6
SW_H = 5
SW:
DATA AS BYTE _
32,32,127,32,255,32, _
32,108,160,160,160,123, _
32,236,252,160,254,251, _
32,126,127,32,255,124, _
32,32,32,32,32,32

W_W = 6
W_H = 5
W:
DATA AS BYTE _
32,32,123,32,108,32, _
32,32,254,98,252,32, _
32,254,236,160,251,252, _
32,97,236,226,251,225, _
32,32,124,32,126,32

NW_W = 6
NW_H = 5
NW:
DATA AS BYTE _
32,32,32,32,32,32, _
32,32,127,32,255,32, _
32,108,160,160,160,123, _
32,236,252,160,254,251, _
32,126,127,32,255,124

